117
10
170
253
55
202
85
246
93
149
179
135
163
45
48
30
76
106
79
65
32
20
134
40
80
228
126
150
79
104
6
224
28
193
13
40
44
18
25
42
1
220
54
255
69
86
52
67
4
98
6
18
202
78
178
143
103
238
117
236
135
158
218
254
9
247
167
96
190
247
151
5
101
119
135
184
103
232
243
166
224
212
242
46
239
60
228
255
180
60
66
77
2
193
63
148
48
41
129
9
125
11
81
252
47
114
44
207
246
201
129
72
141
124
70
252
151
140
225
135
116
43
85
175
38
25
195
173
213
247
4
29
135
42
88
26
7
49
154
75
52
53
43
175
56
133
213
30
211
79
